0
14.473833 6.662700
13.756770 7.443237
17.067386 18.600260
4.405229 8.402361
0.664852 17.720227
2.097933 3.244181
7.411331 12.375597
11.642853 7.559394
2.365839 13.817288
17.807355 12.907116
5.298455 19.329239
14.097013 6.096462
9.834743 15.860957
17.253584 10.044978
4.938289 14.758724
19.660259 7.528025
0.773005 18.528675
6.705590 19.777738
8.662569 16.522021
11.645745 18.159689
13.165230 8.014698
16.618068 9.049958
3.207912 18.360761
15.197164 9.554808
18.774392 6.730890
9.248031 4.859718
19.818072 2.404372
0.819038 6.764031
14.870667 10.664989
18.430828 17.352053
18.243893 19.058254
6.355499 1.770903
16.772043 10.099467
5.343717 9.730013
19.719100 7.479111
3.745677 16.606662
18.774823 9.394113
19.085108 1.936474
18.990041 14.840561
1.883829 5.587352
16.052137 6.535457
15.897599 0.059828
10.477513 17.592159
1.912324 11.126367
5.098607 18.156169
15.862945 8.416671
8.648787 12.914955
6.275619 12.575571
5.299271 0.727554
0.897077 6.264628
7.677966 13.576700
7.863346 12.548097
9.200909 3.628266
2.873280 16.098418
10.472802 4.389852
10.570630 10.175969
14.063871 14.792365
15.701686 15.482302
2.146088 3.475472
17.603773 15.755656
12.272570 4.639849
10.193186 9.372032
8.009756 16.536166
8.859427 6.234693
3.182720 18.992783
15.535885 4.879427
1.169805 17.341180
13.705371 5.992498
13.983482 16.680142
16.212237 15.432701
9.800188 12.626781
10.491029 2.368492
2.152619 12.534504
18.184979 6.285670
19.173772 14.615041
9.115850 10.390665
17.082799 11.483717
3.179987 18.328954
8.528510 9.354159
17.983671 6.157711
3.457164 4.440655
14.894176 12.156314
7.846939 14.083442
1.671193 13.327840
13.952288 1.694197
5.956584 19.339240
4.627133 1.826064
0.638695 12.167415
3.846659 4.504556
19.470748 12.862908
15.723239 16.412737
9.311108 5.612525
5.112798 0.606072
3.966505 13.676649
4.333716 6.139416
13.857572 1.796622
2.571147 14.320604
5.589339 15.312038
7.215403 9.262158
15.997610 17.497350