0
0 14.473833 6.662700 0.030000 1.035428
1 13.756770 7.443237 0.030000 5.766709
2 17.067386 18.600260 0.030000 4.629812
3 4.405229 8.402361 0.030000 6.012060
4 0.664852 17.720227 0.030000 0.758443
5 2.097933 3.244181 0.030000 4.893130
6 7.411331 12.375597 0.030000 3.306376
7 11.642853 7.559394 0.030000 5.244184
8 2.365839 13.817288 0.030000 4.870208
9 17.807355 12.907116 0.030000 4.142110
10 5.298455 19.329239 0.030000 4.939713
11 14.097013 6.096462 0.030000 0.370429
12 9.834743 15.860957 0.030000 6.113359
13 17.253584 10.044978 0.030000 6.095083
14 4.938289 14.758724 0.030000 0.322947
15 19.660259 7.528025 0.030000 5.294624
16 0.773005 19.528675 0.030000 3.594291
17 6.705590 19.777738 0.030000 0.322040
18 8.662569 16.522021 0.030000 1.355660
19 11.645745 18.159689 0.030000 5.557311
20 13.165230 8.014698 0.030000 3.272194
21 16.618068 9.049958 0.030000 0.783991
22 3.207912 18.360761 0.030000 1.546069
23 15.197164 9.554808 0.030000 0.583468
24 18.774392 6.730890 0.030000 0.109724
25 9.248031 4.859718 0.030000 1.899543
26 19.818072 0.404372 0.030000 1.586593
27 0.819038 6.764031 0.030000 3.434758
28 14.870667 10.664989 0.030000 3.858155
29 18.430828 17.352053 0.030000 2.034928
30 18.243893 19.058254 0.030000 2.539797
31 6.355499 1.770903 0.030000 6.239337
32 16.772043 10.099467 0.030000 2.374605
33 5.343717 9.730013 0.030000 5.986533
34 19.719100 7.479111 0.030000 2.689397
35 3.745677 16.606662 0.030000 2.724476
36 18.774823 9.394113 0.030000 2.983986
37 19.085108 1.936474 0.030000 1.277240
38 18.990041 14.840561 0.030000 4.265888
39 1.883829 5.587352 0.030000 3.768425
40 16.052137 6.535457 0.030000 4.942593
41 15.897599 0.059828 0.030000 5.189602
42 10.477513 17.592159 0.030000 0.128023
43 1.912324 11.126367 0.030000 2.308286
44 5.098607 18.156169 0.030000 2.675270
45 15.862945 8.416671 0.030000 4.569541
46 8.648787 12.914955 0.030000 0.016780
47 6.275619 12.575571 0.030000 2.591090
48 5.299271 0.727554 0.030000 1.648346
49 0.897077 6.264628 0.030000 1.562542
50 7.677966 13.576700 0.030000 0.489610
51 7.863346 12.548097 0.030000 4.131406
52 9.200909 3.628266 0.030000 5.178637
53 2.873280 16.098418 0.030000 3.023992
54 10.472802 4.389852 0.030000 5.275482
55 10.570630 10.175969 0.030000 1.955611
56 14.063871 14.792365 0.030000 1.164584
57 15.701686 15.482302 0.030000 0.261218
58 2.146088 3.475472 0.030000 3.300107
59 17.603773 15.755656 0.030000 3.451884
60 12.272570 4.639849 0.030000 4.429187
61 10.193186 9.372032 0.030000 6.185146
62 8.009756 16.536166 0.030000 1.697094
63 8.859427 6.234693 0.030000 0.883936
64 3.182720 18.992783 0.030000 4.590049
65 15.535885 4.879427 0.030000 4.891970
66 1.169805 17.341180 0.030000 5.346448
67 13.705371 5.992498 0.030000 3.560107
68 13.983482 16.680142 0.030000 3.951464
69 16.212237 15.432701 0.030000 3.274883
70 9.800188 12.626781 0.030000 5.698642
71 10.491029 2.368492 0.030000 2.742379
72 2.152619 12.534504 0.030000 4.758645
73 18.184979 6.285670 0.030000 5.128736
74 19.173772 14.615041 0.030000 5.514158
75 9.115850 10.390665 0.030000 1.561291
76 17.082799 11.483717 0.030000 1.503742
77 3.179987 18.328954 0.030000 6.241472
78 8.528510 9.354159 0.030000 0.905064
79 17.983671 6.157711 0.030000 5.012450
80 3.457164 4.440655 0.030000 4.128142
81 14.894176 12.156314 0.030000 3.722820
82 7.846939 14.083442 0.030000 0.715591
83 1.671193 13.327840 0.030000 4.911222
84 13.952288 1.694197 0.030000 0.155853
85 5.956584 19.339240 0.030000 1.825162
86 4.627133 1.826064 0.030000 1.486695
87 0.638695 12.167415 0.030000 2.536194
88 3.846659 4.504556 0.030000 4.124572
89 19.470748 12.862908 0.030000 4.365454
90 15.723239 16.412737 0.030000 1.183143
91 9.311108 5.612525 0.030000 0.165416
92 5.112798 0.606072 0.030000 4.959875
93 3.966505 13.676649 0.030000 4.277461
94 4.333716 6.139416 0.030000 4.485641
95 13.857572 1.796622 0.030000 1.094405
96 2.571147 14.320604 0.030000 0.499827
97 5.589339 15.312038 0.030000 1.243884
98 7.215403 9.262158 0.030000 5.437177
99 15.997610 17.497350 0.030000 2.747024